000000120191127083050000012                                                                                                                          X
02000010007853759258700000295473600122019120601                                                                                                       
02000010000281957649400000295475200122019120601                                                                                                       
02000010001160188688800000295475500122019120601                                                                                                       
02000010002831523567200000295475600122019120601                                                                                                       
02000010009152896862000000295475700122019120601                                                                                                       
02000010000988391597700000295478100122019120601                                                                                                       
02000010000151185263100000295478200122019120601                                                                                                       
02000010000510179290000000295478300122019120601                                                                                                       
02000010003211406484000000295478400122019120601                                                                                                       
02000010005170175868700000295478500122019120601                                                                                                       
02000010001436086680100000295481500122019120601                                                                                                       
02000010002009801784500000295481600122019120601                                                                                                       
02000010009080238104900000295481700122019120601                                                                                                       
02000010004501743484400000295481800122019120601                                                                                                       
02000010000042374715000000295481900122019120601                                                                                                       
020000100000000001500                2019120699                                                                                                       
